100
 80 379 183 959 193 375 310 671 392 940 346 608 207 83 58 523 931 403 300 993 802 568 173 546 818 798 832 756 865 752 983 413 532 985 421 55 645 987 807 9 967 655 471 648 69 291 1 128 935 298 319 72 707 133 384 110 162 144 730 541 27 847 124 949 547 356 458 678 449 58 192 284 433 603 275 40 389 419 944 981 68 395 588 338 134 139 473 888 585 424 87 68 386 739 256 941 428 196 532 205


 150 961 97 477 108 237 557 475 70 452 853 978 36 634 410 372 353 387 160 418 846 965 300 979 219 515 583 24 200 242 455 50 75 482 465 115 976 715 31 474 924 275 226 214 964 810 841 101 694 894 588 620 829 975 57 443 72 775 853 467 837 285 426 768 818 927 148 884 313 385 787 145 309 439 651 85 826 918 475 45 430 979 808 311 623 684 602 47 466 714 557 760 480 507 489 469 8 694 530 8
 297 30 396 925 247 882 59 486 197 177 178 211 901 97 518 983 649 21 157 112 80 991 329 495 616 815 647 233 781 574 321 372 733 917 577 591 455 533 364 623 765 594 569 264 359 889 617 709 990 343 771 327 980 238 652 244 835 191 95 498 638 378 562 354 334 292 796 440 844 974 970 558 310 791 912 796 956 172 624 385 375 279 496 995 226 229 773 171 933 590 625 857 245 883 985 23 40 581 604 353
 71 565 955 478 693 917 961 321 631 846 775 348 38 958 371 897 446 500 749 327 945 775 500 579 763 337 159 439 256 285 221 641 412 716 581 254 405 537 561 78 991 990 24 339 704 468 498 628 342 766 960 214 681 426 519 984 150 587 265 641 219 245 264 783 770 780 983 151 378 83 801 359 194 659 571 328 116 176 763 191 219 850 349 305 104 90 905 79 242 864 311 706 34 189 371 442 474 546 627 465
 62 470 337 189 781 376 970 172 338 724 785 929 975 234 568 964 108 905 389 656 29 815 327 568 775 364 651 564 102 664 200 890 217 161 733 918 436 990 993 322 479 708 122 595 239 331 931 278 903 192 884 474 116 725 153 379 547 67 612 900 793 660 121 497 198 962 297 471 46 187 999 3 85 265 223 986 862 487 634 669 559 317 428 700 87 749 716 621 576 101 126 488 788 833 288 544 55 964 636 55
 451 872 996 213 253 155 184 120 156 245 126 198 389 777 668 488 502 995 830 236 946 728 512 750 148 162 152 244 781 829 272 402 359 328 514 618 753 895 474 524 865 55 856 293 902 500 299 363 19 468 434 656 228 182 919 25 216 53 892 911 150 31 560 230 630 681 879 933 893 703 549 553 74 906 801 19 935 789 4 692 512 53 7 428 726 626 662 948 782 985 335 441 223 753 531 372 765 185 998 295
 625 111 339 251 50 129 806 686 43 190 183 577 25 758 921 87 932 707 692 255 44 648 851 843 841 897 611 174 489 797 23 924 645 309 526 970 738 817 560 37 256 720 603 682 168 768 150 444 915 104 545 289 544 591 55 216 250 858 150 335 194 986 573 500 59 880 544 772 588 39 503 80 648 610 545 934 259 415 166 425 958 914 22 340 934 432 428 532 814 61 998 526 40 76 610 609 323 924 827 247
 68 479 482 672 279 144 39 46 581 680 219 39 930 978 832 654 427 997 201 218 136 267 946 359 479 245 576 75 756 299 102 362 726 982 901 744 819 411 861 489 907 486 553 600 964 948 419 417 492 820 401 362 116 870 40 274 146 960 691 796 274 240 195 821 167 833 921 405 175 943 411 424 148 984 374 205 587 79 295 177 674 842 306 608 291 394 246 678 662 190 844 699 287 624 219 312 349 172 404 45
 747 41 429 787 292 404 295 993 958 556 968 641 405 485 804 648 267 794 894 267 194 572 19 834 737 493 523 649 869 271 775 617 384 166 34 981 429 711 115 957 605 443 676 408 30 133 757 488 733 679 817 1 102 585 395 37 79 481 799 7 994 966 553 149 324 62 221 259 579 230 581 48 980 826 344 950 949 77 213 868 660 9 36 671 575 462 389 361 129 153 539 525 833 247 176 266 479 928 17 209
 442 869 513 75 815 91 293 524 241 134 32 668 367 711 368 913 968 218 71 924 176 109 936 150 85 860 994 958 319 208 899 429 532 695 241 341 361 899 179 40 302 573 222 187 572 160 309 438 65 288 514 413 340 994 519 108 991 715 652 706 991 487 903 503 162 488 32 162 862 725 979 47 581 101 140 469 499 849 324 356 16 278 616 884 6 149 865 871 55 954 39 43 944 557 775 461 269 771 57 522
 209 196 73 357 544 21 743 985 542 300 420 49 780 432 311 479 623 87 294 476 47 570 288 278 593 369 34 220 249 545 177 981 106 242 177 365 556 719 664 807 636 436 784 274 483 529 756 825 629 352 185 985 169 782 824 194 771 276 747 521 920 193 699 434 650 315 826 493 56 542 134 893 522 960 70 885 41 342 873 94 594 358 380 618 733 695 903 972 358 727 961 5 493 883 480 969 207 608 215 332
 544 473 881 513 553 425 30 128 241 699 985 762 841 285 830 902 541 627 266 899 169 67 371 598 430 618 876 512 685 118 604 565 883 591 41 618 419 66 628 812 361 318 449 114 54 259 380 924 762 716 738 133 572 387 437 749 460 162 918 530 322 961 519 666 111 918 39 282 292 265 145 421 919 836 971 467 154 417 668 919 848 530 408 664 332 632 354 265 810 287 691 876 250 644 89 275 953 424 579 294
 791 325 393 129 621 124 25 712 380 808 274 27 808 980 382 922 263 116 584 800 1 44 104 283 678 593 461 670 330 500 45 289 236 794 110 279 587 365 606 256 580 375 804 529 207 105 181 396 941 545 493 637 530 258 457 316 821 249 621 809 997 822 11 152 574 327 832 83 425 228 921 948 911 562 864 688 375 254 571 915 88 434 856 10 816 598 805 766 380 3 730 847 706 662 795 719 153 150 82 794
 986 272 475 729 23 767 585 696 477 194 487 487 593 754 848 183 240 138 19 934 383 960 333 50 760 846 695 26 830 531 646 666 554 937 108 730 918 646 727 814 44 929 850 124 786 29 166 793 398 39 582 609 463 342 696 5 517 322 703 418 328 312 962 934 673 153 958 286 910 435 865 715 80 263 24 267 503 916 391 252 134 683 383 307 403 626 450 984 948 111 768 625 433 421 617 625 456 536 139 75
 355 431 117 752 933 97 640 714 995 552 178 274 748 310 261 579 725 222 586 533 996 956 290 128 611 114 509 52 860 84 317 751 795 958 920 625 521 96 482 424 110 261 936 858 331 318 105 49 863 275 375 576 362 888 195 802 167 729 335 372 956 163 409 736 114 886 310 418 484 474 977 148 876 552 616 961 944 71 906 521 688 360 939 615 796 449 893 978 120 957 376 803 304 552 593 350 348 193 41 34
 40 972 638 206 44 554 962 409 471 510 972 52 196 389 437 307 713 581 60 968 729 880 207 696 943 66 245 782 292 459 659 185 144 521 756 631 125 943 507 857 872 605 416 816 887 226 551 686 38 31 133 653 876 259 671 667 815 156 338 135 825 799 820 987 303 837 668 107 424 780 146 253 937 528 568 422 205 903 952 406 386 302 639 533 799 86 509 145 276 818 435 916 595 77 81 690 643 316 425 276
 990 578 978 930 420 500 674 467 122 901 250 475 27 265 203 229 610 516 741 360 297 631 902 995 734 127 354 220 458 919 442 139 416 99 822 26 885 856 118 420 454 865 344 847 378 304 686 394 599 911 136 938 804 376 95 74 391 188 241 218 946 147 676 706 187 520 359 811 493 629 52 552 993 269 266 636 109 975 401 910 104 657 132 822 204 664 140 172 842 337 39 706 751 463 675 250 637 327 42 124
 523 922 183 198 151 53 616 497 528 248 254 85 249 215 510 700 691 532 217 297 731 204 270 165 58 914 313 412 808 929 649 570 196 159 267 306 308 77 479 993 270 536 994 87 139 475 344 889 372 4 927 626 768 228 596 391 539 826 940 85 478 601 83 193 893 91 905 974 601 746 658 569 608 316 342 522 902 340 114 699 640 800 289 554 801 705 898 519 365 75 170 612 118 16 639 406 617 419 238 384
 890 984 68 386 78 827 164 822 150 825 979 843 552 93 992 214 220 626 316 202 553 28 611 413 623 455 198 118 70 729 191 242 14 152 934 769 370 172 152 312 534 487 2 595 974 617 978 814 258 439 72 740 882 688 541 428 594 247 395 123 377 241 821 686 295 326 60 92 914 163 931 800 577 519 102 871 664 513 14 421 557 49 121 182 553 501 21 777 828 452 47 715 329 540 607 504 844 192 656 962
 423 946 728 290 816 990 928 978 977 890 906 870 891 53 791 696 852 330 4 786 119 285 968 713 437 242 539 303 460 224 643 784 462 197 608 779 151 233 261 587 808 930 76 268 13 210 386 679 742 234 633 841 424 664 245 715 639 846 898 511 823 766 742 235 162 782 717 137 694 605 920 614 808 981 633 413 830 303 618 825 885 673 165 357 778 869 885 661 265 195 780 788 931 50 799 515 727 519 857 281
 510 187 974 30 3 294 476 631 381 867 831 884 999 573 255 916 476 951 788 628 954 282 782 555 942 142 564 44 548 802 304 496 628 291 988 271 892 548 276 152 761 890 659 864 146 382 545 509 728 301 428 984 920 608 208 535 277 753 493 498 555 962 259 624 586 318 490 207 223 793 661 673 208 718 340 821 360 31 641 873 878 63 30 148 452 85 895 565 946 394 959 877 785 543 125 160 813 429 183 781
 844 460 878 408 543 822 897 949 930 414 151 442 436 426 287 38 209 172 804 263 411 250 855 452 991 801 254 829 137 747 440 242 560 845 802 10 387 381 668 954 915 53 659 308 757 87 343 829 210 220 48 887 240 308 12 267 941 669 668 869 312 522 139 847 984 38 606 903 201 557 493 201 142 327 446 580 183 580 476 994 931 878 663 445 190 665 547 903 901 865 759 976 794 809 613 863 123 689 338 416
 938 405 58 465 970 718 343 119 787 37 718 659 555 804 254 458 333 394 565 724 776 754 297 956 288 369 537 730 483 865 219 786 333 347 132 929 574 868 821 874 413 579 159 233 16 957 822 818 239 280 359 135 963 509 207 809 390 218 216 350 489 759 588 526 110 261 27 606 688 140 891 243 400 345 483 29 270 48 391 715 256 504 478 408 805 716 232 276 1 727 453 700 574 181 901 859 290 901 54 349
 219 106 206 271 123 652 38 873 545 781 748 669 953 619 253 665 53 339 807 732 90 561 240 618 52 186 793 936 237 135 77 679 896 102 960 396 947 119 347 15 348 806 753 970 546 107 664 653 72 532 995 243 67 412 183 159 484 180 162 519 132 559 188 929 152 647 458 801 724 714 983 248 692 834 712 95 301 663 556 130 768 455 565 440 164 272 616 329 217 957 799 333 348 743 488 732 988 134 938 669
 392 506 249 747 426 160 259 204 388 716 361 830 967 87 287 229 4 945 563 433 444 831 690 762 342 506 405 914 760 764 8 622 837 802 869 832 410 244 998 206 967 22 503 946 436 656 930 413 141 293 748 348 847 889 104 820 210 576 883 357 938 49 495 192 546 936 583 74 808 102 165 75 490 813 421 55 209 601 721 722 629 41 70 71 163 807 57 853 239 31 695 156 400 226 999 264 896 943 316 453
 577 623 639 526 642 32 962 167 792 934 14 783 388 62 312 746 925 895 483 903 449 367 121 965 850 584 780 759 637 272 832 748 310 369 108 813 52 360 812 25 143 924 91 105 4 362 655 496 610 641 832 945 436 735 607 498 470 168 12 349 899 796 176 222 155 43 706 565 239 93 145 303 351 398 454 503 688 572 504 651 832 362 919 63 80 591 899 157 905 48 462 346 615 294 887 485 73 871 145 607
 443 41 323 666 168 913 797 710 781 356 928 723 2 717 708 74 562 117 982 515 578 550 551 5 172 586 842 732 510 795 511 542 306 391 121 62 837 315 671 789 290 379 101 898 473 577 255 816 881 40 585 115 568 827 988 207 856 648 255 436 804 383 827 236 528 905 641 40 125 868 737 434 444 495 962 678 75 417 725 994 577 724 200 177 644 483 619 240 485 435 877 365 107 692 838 847 588 797 852 724
 835 537 804 409 510 18 694 351 779 73 215 27 521 165 280 94 621 137 523 231 190 447 380 853 436 860 669 634 457 419 370 47 587 530 902 82 995 800 795 698 842 618 506 28 754 674 114 940 20 277 326 939 154 678 733 289 433 441 603 913 301 990 766 460 259 136 824 183 398 545 505 99 815 300 788 347 534 110 556 325 951 180 176 628 434 564 903 425 532 621 789 950 536 811 541 264 87 191 761 661
 366 346 856 938 684 412 730 900 787 794 244 187 738 414 913 285 423 710 115 425 663 200 929 901 672 736 934 771 152 430 761 91 348 553 877 654 16 350 209 513 362 202 940 667 264 93 620 871 825 457 490 846 92 155 868 335 123 26 524 470 796 353 536 588 297 118 998 814 516 33 361 53 424 716 43 621 384 384 366 32 816 83 915 208 837 49 630 228 291 910 535 977 878 266 506 368 393 265 61 246
 803 764 50 993 503 943 733 911 18 2 230 466 430 405 644 284 265 800 786 393 725 68 350 713 458 465 941 53 781 535 327 956 715 979 625 524 337 225 850 362 300 420 771 323 77 433 629 952 268 628 377 753 48 982 22 335 839 442 556 766 105 925 762 161 622 527 638 363 873 923 551 593 755 814 306 158 900 310 445 204 497 47 888 827 89 789 331 240 994 762 294 81 638 722 559 229 212 226 748 594
 55 884 173 940 968 719 259 650 766 656 274 974 288 859 439 910 88 506 614 473 903 65 497 697 126 364 710 334 254 418 910 346 155 30 761 324 762 768 163 651 261 732 49 747 293 987 574 355 709 570 925 881 618 759 172 2 308 893 389 570 324 110 748 491 323 177 600 781 567 610 914 333 544 929 466 325 939 986 764 587 26 829 877 738 465 59 381 891 29 608 511 647 82 945 196 275 453 898 174 844
 617 957 89 792 873 744 198 62 394 906 287 52 398 986 579 590 345 487 479 724 984 146 628 23 984 529 809 696 255 939 625 447 626 267 395 119 814 260 59 438 959 825 313 476 860 82 869 87 720 396 169 277 404 561 465 471 201 229 573 284 866 328 371 988 108 861 901 638 706 344 541 793 140 887 970 103 690 812 205 997 118 745 353 471 595 56 312 60 634 746 386 216 952 590 879 451 831 172 445 290
 52 357 153 107 862 224 986 292 119 822 374 606 17 59 84 809 106 108 63 681 980 444 352 302 385 643 23 763 380 283 11 405 972 50 785 38 391 19 825 740 722 900 430 439 538 675 505 923 924 616 1 826 931 538 500 383 263 607 698 28 922 881 587 229 388 202 27 433 924 694 793 965 206 972 963 193 104 165 939 646 619 287 342 579 326 720 131 401 996 387 251 132 53 118 108 420 994 23 177 859
 890 187 259 585 861 190 494 862 992 112 600 942 67 124 441 966 502 112 655 545 670 41 230 90 39 422 441 279 95 893 967 712 773 473 221 800 327 968 399 256 305 30 27 342 579 157 658 34 341 159 902 598 711 265 867 847 451 380 256 165 682 521 658 421 624 640 62 363 563 675 481 962 555 824 91 149 621 100 650 261 725 302 230 746 608 873 161 269 658 124 818 984 941 366 92 895 546 904 569 177
 816 524 760 451 474 614 252 203 235 768 641 664 696 531 183 387 361 594 391 340 765 762 817 267 436 390 823 657 132 640 591 599 391 489 780 565 564 717 997 139 866 452 956 74 752 199 301 840 601 267 869 299 109 606 908 437 463 306 327 644 693 217 223 956 275 507 320 647 567 865 441 592 799 346 684 967 275 371 776 274 121 238 964 947 565 612 670 452 246 399 953 872 152 433 891 10 560 76 477 83
 691 236 540 620 742 772 456 882 593 731 933 745 140 99 91 902 494 876 285 919 16 69 672 504 537 477 599 427 211 865 608 968 802 737 196 412 771 648 355 598 455 55 965 421 41 779 747 671 852 111 805 937 730 611 418 384 555 957 842 616 705 625 118 556 630 140 869 765 136 857 422 54 983 139 370 216 303 659 931 595 300 696 147 529 362 225 470 280 781 57 497 403 465 130 677 915 33 827 112 43
 576 132 773 84 11 223 263 371 475 264 930 83 532 310 430 951 193 394 154 195 260 508 427 852 852 293 701 76 350 842 6 225 161 750 46 461 28 834 434 703 247 966 819 352 650 371 76 894 252 751 929 221 944 561 484 103 203 276 251 850 437 988 58 448 343 594 180 723 750 211 100 31 785 127 197 820 979 154 329 588 155 802 756 248 117 855 79 361 427 81 421 38 182 492 755 677 908 712 404 968
 665 322 709 341 703 692 571 115 625 748 239 41 275 531 654 690 828 705 314 33 148 837 697 502 155 672 824 228 198 663 210 717 631 263 709 863 475 387 827 248 808 347 447 767 632 222 424 799 302 547 907 219 77 548 402 431 102 443 274 865 145 900 161 407 224 86 31 728 849 362 686 16 782 423 448 26 248 527 780 462 599 993 977 135 673 360 381 841 74 632 140 743 381 117 174 349 784 724 940 394
 153 546 115 373 131 606 996 112 144 819 754 26 459 3 219 79 97 735 683 272 648 373 739 696 828 794 699 871 828 346 735 132 375 831 613 880 181 857 731 966 845 451 822 207 872 942 589 871 141 575 668 760 623 109 23 659 155 282 737 246 518 167 26 590 649 470 254 285 208 879 859 342 30 610 692 33 7 72 350 842 818 83 781 380 991 216 901 84 423 423 463 124 215 70 765 332 162 289 34 975
 2 342 867 511 604 91 37 777 959 532 436 447 989 318 287 674 701 730 143 403 913 98 541 88 451 549 748 581 60 443 635 919 689 801 55 558 626 318 597 907 483 712 604 218 453 193 634 80 602 226 956 198 529 183 996 239 327 521 432 172 834 842 515 610 373 190 301 465 885 351 280 113 80 405 721 798 306 853 203 238 645 871 364 430 368 817 792 578 844 130 723 5 100 360 344 178 724 394 472 236
 208 657 488 381 480 879 968 484 955 939 819 680 941 23 95 932 878 924 367 529 579 745 481 459 954 75 988 109 23 112 455 160 386 513 901 813 68 252 341 652 949 527 752 5 829 920 129 204 29 626 723 102 41 722 612 980 300 303 91 356 122 21 730 425 312 363 829 665 670 995 508 378 238 339 285 107 423 244 198 32 510 168 951 640 956 414 702 716 51 715 973 756 297 957 382 629 247 298 922 226
 428 883 471 641 507 922 98 601 718 211 896 318 378 521 479 788 434 302 128 902 21 200 375 433 787 782 884 789 813 167 557 327 168 508 909 179 196 182 913 848 442 154 85 789 694 33 381 415 323 464 796 664 18 936 252 316 872 392 406 384 429 937 461 17 510 45 475 372 433 378 10 13 721 545 343 639 406 546 753 394 750 85 894 162 271 886 104 18 857 863 782 731 275 752 468 102 361 28 1000 129
 619 114 929 507 803 2 516 412 970 661 234 120 501 775 222 43 70 402 414 85 760 70 679 272 550 677 562 450 744 331 832 488 669 459 695 197 821 424 978 948 374 589 868 775 498 873 707 960 948 462 47 799 79 466 844 591 686 325 432 51 284 330 156 609 67 458 631 146 604 615 895 41 238 582 101 410 743 875 960 657 55 322 61 995 471 175 373 296 708 367 721 943 880 789 322 294 322 467 152 226
 26 806 969 919 984 586 51 564 373 369 549 252 284 855 689 986 873 633 533 412 931 563 836 238 146 822 254 947 273 619 167 980 660 293 270 264 586 97 937 136 701 860 440 901 255 994 524 646 487 35 120 32 573 639 571 604 357 977 284 56 181 127 744 457 462 760 344 179 484 534 674 270 836 258 132 886 529 757 151 765 39 590 147 488 600 745 55 173 473 278 573 591 887 908 621 172 837 617 390 36
 720 488 556 299 300 528 688 998 753 517 915 772 813 601 448 98 342 679 106 633 100 839 223 893 398 134 546 249 517 536 190 480 766 365 591 432 361 33 571 666 546 221 55 379 5 957 130 51 743 882 391 976 799 16 288 899 795 26 169 156 511 399 200 30 27 379 132 770 547 363 413 905 721 487 333 12 213 922 537 231 374 789 198 403 787 552 956 661 390 276 845 807 321 56 549 482 172 60 299 803
 747 364 888 281 594 701 81 977 443 79 21 734 925 32 451 930 633 575 346 46 153 967 706 252 408 916 637 727 365 347 555 33 366 864 559 184 865 934 282 250 235 938 537 983 749 652 248 493 171 739 804 567 349 40 311 78 888 278 499 746 665 129 292 1 416 280 819 188 398 599 167 377 723 590 344 163 426 231 62 140 346 564 583 682 152 646 973 560 977 164 681 360 288 685 319 369 538 843 328 723
 272 311 84 127 783 933 140 674 942 694 527 656 718 188 170 355 841 674 356 945 605 437 929 841 976 35 227 952 224 346 25 594 400 298 873 670 79 733 781 109 43 717 200 817 386 9 415 635 996 575 522 92 318 73 37 460 775 632 914 573 534 726 10 803 342 36 51 469 22 692 270 280 454 304 119 832 647 466 367 840 437 631 682 83 334 872 589 613 594 524 630 517 391 507 312 55 448 859 464 378
 931 145 428 556 786 913 620 613 271 893 475 383 11 565 957 192 98 34 470 1000 713 933 314 973 249 318 592 653 497 682 104 300 823 731 726 626 161 246 279 24 615 203 544 723 364 892 465 20 736 57 164 850 719 246 450 637 325 385 908 813 511 323 695 874 905 618 506 562 614 738 180 789 520 493 552 59 680 727 460 314 42 892 260 865 544 855 90 406 649 891 72 981 628 852 426 823 265 449 980 303
 587 87 890 297 887 301 779 454 194 598 95 632 503 98 75 329 300 789 942 459 186 549 420 75 911 616 370 297 586 877 619 444 421 819 184 380 667 516 159 680 402 633 953 641 327 887 40 607 927 372 855 497 485 794 305 544 700 584 554 306 201 737 567 102 628 849 952 455 416 297 324 896 592 342 126 246 431 62 442 34 502 287 868 791 728 97 274 826 202 907 622 877 507 555 84 631 65 143 188 987
 75 327 865 930 107 697 90 977 169 293 65 741 540 898 36 143 553 85 477 357 535 897 218 727 116 523 832 618 188 309 934 350 760 866 179 809 645 606 983 208 393 604 367 770 457 729 941 394 368 999 216 318 931 80 211 656 414 581 703 2 621 32 202 298 551 867 315 217 455 20 513 217 226 782 229 54 322 481 761 661 381 282 55 195 59 140 123 476 532 225 499 493 588 249 828 23 65 723 722 757
 207 964 446 609 758 301 276 600 154 569 471 924 484 195 290 444 343 512 979 438 657 826 334 199 426 440 969 919 744 648 200 514 10 567 280 181 400 378 527 824 297 764 505 491 144 716 58 490 211 581 599 545 789 688 496 849 232 76 450 702 236 147 88 624 446 150 186 716 114 750 493 204 585 400 279 345 968 243 469 707 779 732 893 13 648 73 792 932 224 60 785 647 148 487 761 254 821 568 740 52
 572 320 364 129 80 52 839 135 812 399 516 800 840 962 705 658 704 233 8 290 824 397 498 326 579 603 750 571 86 988 273 659 658 810 792 945 845 751 847 719 150 889 194 362 533 336 480 436 969 177 796 513 410 251 439 984 404 290 920 318 202 402 331 401 550 417 860 992 367 80 707 993 107 742 40 888 396 290 80 186 480 573 21 573 378 470 81 518 944 964 51 876 409 936 848 233 558 287 709 481
 639 632 19 828 729 891 5 155 244 455 14 161 245 138 139 173 447 350 343 905 83 866 426 876 220 534 546 960 739 53 224 300 238 352 580 534 311 511 332 870 452 784 251 762 354 225 959 226 714 589 171 620 319 730 293 468 991 97 825 761 204 293 869 87 643 4 642 822 33 750 899 73 96 369 201 686 486 421 707 751 659 237 698 883 715 789 609 166 704 876 437 799 199 409 149 110 250 969 977 573
 122 701 25 574 27 134 473 720 97 5 426 933 140 554 71 879 194 995 254 274 865 414 975 856 376 196 211 908 42 189 568 953 263 231 499 824 467 758 986 694 224 834 998 347 45 763 326 983 562 257 689 297 553 936 962 363 954 522 901 147 87 509 270 235 922 849 992 929 256 234 650 168 775 489 232 617 786 661 343 997 671 713 647 389 137 144 48 593 74 55 126 208 860 167 732 921 621 185 201 815
 324 434 198 561 868 941 508 841 848 525 126 632 15 990 312 645 798 923 365 87 140 572 582 129 349 315 217 653 785 239 578 878 9 695 819 362 317 956 849 463 234 817 825 73 504 784 302 132 507 433 827 677 328 482 204 498 451 733 862 876 307 970 648 394 482 687 373 239 918 388 506 253 790 531 68 48 325 75 564 891 272 338 73 640 63 353 66 602 23 869 919 169 933 746 568 55 90 459 14 141
 177 876 884 887 567 735 577 389 179 284 323 62 405 124 199 561 504 725 204 497 191 247 828 460 427 31 503 403 24 59 290 529 172 966 105 600 728 314 694 748 841 812 512 291 633 904 261 14 61 536 299 523 583 277 447 186 283 809 587 609 474 847 288 654 279 222 105 600 489 662 958 55 260 463 769 959 173 289 860 702 587 819 647 865 970 646 34 348 657 794 8 663 866 336 454 340 460 83 692 559
 201 120 136 158 435 167 163 829 581 969 12 983 512 348 518 577 845 772 381 541 878 344 266 60 619 950 679 192 228 544 201 712 410 192 559 622 266 349 404 686 72 903 754 549 707 247 517 264 666 562 680 5 886 755 394 457 18 833 394 236 39 310 37 428 27 757 529 449 726 326 346 91 756 545 1 412 936 492 927 114 947 314 836 857 707 81 512 453 41 890 763 710 808 943 237 17 59 493 129 714
 170 805 836 307 371 896 14 811 938 3 335 477 830 749 806 249 682 910 801 299 859 539 192 818 909 425 475 160 396 756 720 282 590 422 141 297 744 948 21 581 607 836 106 759 725 910 324 440 294 91 345 401 148 194 709 378 928 619 443 758 95 847 674 856 79 629 527 411 336 757 635 520 297 967 99 422 725 295 639 580 902 827 784 460 247 25 694 988 932 499 389 748 669 371 7 160 144 8 492 213
 935 671 823 328 330 512 687 581 124 532 692 343 677 589 589 41 674 248 568 28 833 938 365 344 71 863 886 331 74 269 27 988 838 610 277 787 116 701 575 500 174 865 191 265 983 99 102 500 533 150 721 824 884 906 20 15 564 344 684 924 495 639 522 891 270 562 428 760 693 459 30 532 759 631 340 386 767 118 514 87 443 836 99 740 897 566 715 825 478 480 657 419 732 493 130 92 265 235 578 926
 710 44 442 906 180 89 894 338 633 733 875 372 185 709 559 860 947 556 341 30 203 246 915 394 577 809 269 135 469 793 962 37 532 800 565 8 111 248 708 513 180 755 224 554 825 632 645 826 545 969 67 197 897 151 616 201 248 581 687 559 812 838 38 399 327 569 681 458 610 493 161 150 270 102 598 404 763 516 596 502 718 791 616 886 5 714 93 220 289 726 372 594 438 60 391 938 854 418 196 978
 43 421 581 250 914 86 820 321 630 68 918 761 982 720 971 582 486 232 666 563 129 589 994 499 18 959 375 427 67 913 509 8 742 735 98 568 882 429 327 419 562 409 739 165 993 434 421 45 252 418 257 740 21 568 136 8 745 810 996 825 29 734 581 579 877 101 686 725 678 60 485 463 322 49 754 278 633 613 802 695 230 607 586 665 340 312 259 745 133 461 611 767 443 44 712 628 966 460 7 507
 681 969 951 128 392 165 460 232 661 163 796 473 95 566 467 598 441 392 945 867 326 958 612 700 934 469 855 109 662 95 621 814 854 376 878 552 568 564 618 926 397 72 877 803 332 873 313 57 660 571 319 993 729 142 750 770 542 586 112 712 130 709 834 553 878 26 759 303 844 756 318 954 889 4 787 512 514 499 333 294 398 788 346 958 117 982 690 423 873 825 467 128 832 16 237 897 748 600 509 147
 590 254 739 437 886 219 892 253 97 358 974 697 464 330 430 106 375 704 558 930 672 473 714 73 755 839 192 236 534 125 642 32 751 203 194 538 376 39 114 787 880 926 579 168 821 683 779 418 988 597 108 498 756 986 306 862 701 665 980 786 728 292 301 39 937 477 807 641 299 923 955 80 462 537 119 210 499 478 146 413 530 132 662 309 323 828 345 224 93 396 956 413 820 347 143 400 245 606 802 906
 240 614 414 475 398 380 974 14 41 131 318 921 998 781 40 415 777 782 254 396 955 419 607 374 510 373 165 530 183 890 321 322 141 548 353 736 560 590 853 981 289 394 864 511 495 807 938 878 479 499 45 355 140 716 883 955 488 151 31 579 906 734 791 743 740 120 287 475 459 743 720 284 766 203 303 461 755 527 395 147 208 954 795 470 569 291 446 880 191 615 858 39 664 991 602 45 520 29 429 240
 723 272 221 928 656 63 866 54 820 365 965 274 801 384 725 436 58 279 671 66 704 616 632 771 583 286 157 831 416 553 999 155 549 936 805 665 33 884 116 513 264 33 592 981 506 658 404 863 424 919 628 869 869 722 829 313 639 979 168 541 385 22 985 519 764 396 975 764 364 567 50 284 473 689 84 564 55 787 347 935 204 365 974 273 559 672 475 179 968 764 790 960 953 793 173 198 146 555 861 968
 59 410 670 824 934 995 113 329 632 375 980 884 219 189 790 722 697 84 46 527 222 47 223 95 796 785 179 403 993 865 388 148 620 266 583 524 819 767 425 699 747 582 603 535 795 534 319 232 950 466 505 699 168 611 943 527 533 221 34 484 449 354 533 302 916 439 422 940 196 961 539 237 773 411 489 664 112 627 584 515 690 103 207 482 651 26 688 721 667 970 265 287 778 929 48 815 839 489 338 30
 922 747 24 372 6 366 477 475 254 421 271 744 775 756 852 869 930 461 491 309 852 570 654 445 178 780 268 565 885 378 450 660 806 464 828 819 39 869 105 972 879 120 236 498 888 889 85 413 230 865 160 482 490 375 568 511 530 434 966 316 749 976 868 353 236 350 650 16 691 919 397 602 164 501 439 505 831 525 167 61 883 902 350 677 695 809 326 790 214 934 60 454 78 125 814 101 182 140 870 383
 412 480 45 715 496 942 94 762 968 264 50 472 666 470 743 241 1000 577 491 514 4 3 552 805 422 775 374 496 146 267 908 826 634 967 432 303 920 152 521 839 967 725 385 946 198 288 630 276 405 973 982 685 155 412 197 298 846 779 673 37 926 266 768 329 876 322 282 906 1000 810 317 981 703 22 311 479 735 438 295 755 86 521 896 87 850 308 471 720 583 416 520 379 523 270 772 569 638 845 670 476
 1000 517 425 294 841 45 509 950 54 707 177 233 37 474 154 543 174 184 302 186 615 494 249 715 446 825 407 354 634 785 477 773 166 539 198 735 930 513 385 151 430 91 478 689 732 357 483 236 855 454 77 218 290 761 648 547 523 511 121 715 132 903 421 932 336 266 800 923 81 642 71 910 482 484 698 910 441 98 866 477 762 323 488 337 77 982 547 23 645 153 696 650 893 607 275 885 925 493 966 224
 572 976 882 659 900 106 419 1 37 753 497 254 689 725 973 341 873 912 709 917 453 587 898 246 702 852 995 860 832 338 598 203 812 479 121 181 418 320 348 609 617 928 527 260 466 101 486 143 597 361 531 231 807 481 229 987 470 501 226 498 837 258 922 697 908 26 881 606 715 73 916 374 946 197 293 751 685 223 619 173 278 495 13 73 168 941 919 854 769 273 884 209 379 532 84 435 121 275 855 155
 10 335 746 729 39 261 592 340 721 294 501 896 968 652 796 821 842 796 967 926 926 553 497 330 813 79 754 77 823 876 946 603 335 213 788 961 407 457 238 771 461 8 688 499 613 372 550 451 275 979 408 361 236 909 888 928 897 109 550 831 39 255 966 46 872 966 855 820 188 777 63 88 125 863 661 633 568 62 581 638 477 42 514 413 128 715 102 141 215 375 553 770 602 663 221 642 867 380 671 894
 622 364 990 842 472 469 920 992 850 254 886 507 968 929 333 29 526 202 161 694 981 472 288 923 620 229 116 944 335 68 516 778 728 786 91 836 292 508 112 872 446 482 419 844 767 701 608 668 816 484 645 376 702 389 712 9 140 265 410 396 753 518 859 877 753 819 241 727 303 980 350 873 517 749 310 290 884 553 184 51 399 646 521 785 927 613 114 93 358 50 289 505 162 970 822 757 809 933 578 806
 443 656 652 117 395 386 314 995 361 943 33 72 773 861 172 608 636 167 383 464 33 262 143 108 943 642 555 733 472 162 729 776 303 680 151 155 42 447 390 4 764 748 42 862 510 552 362 477 343 343 239 928 528 935 550 131 119 397 433 556 216 128 807 620 339 979 412 280 323 178 153 234 222 480 163 52 608 549 491 959 263 897 817 387 267 817 43 704 540 793 189 577 100 185 269 734 197 908 747 882
 184 477 266 206 309 268 387 529 174 459 340 105 778 422 502 808 152 33 236 957 606 430 73 521 971 77 789 790 432 265 859 877 758 303 216 186 978 775 885 909 875 262 716 9 22 583 390 625 261 101 984 416 970 798 543 601 2 716 221 992 680 773 916 162 545 209 541 227 292 649 68 694 316 46 880 829 118 838 292 855 654 84 35 172 875 308 302 548 1000 568 490 880 403 523 589 576 170 980 607 800
 918 461 670 565 991 112 337 897 692 229 228 412 708 428 19 864 410 831 349 867 804 354 541 308 164 504 148 846 815 623 195 442 667 128 445 488 19 377 746 310 801 298 837 873 841 745 551 500 775 900 58 58 224 181 972 665 287 491 40 976 215 334 234 17 699 323 551 601 254 793 945 954 874 446 275 40 621 236 900 155 442 66 364 985 136 521 192 138 561 487 476 662 916 917 25 29 104 885 774 733
 68 21 377 34 500 940 551 908 233 75 902 430 908 834 517 589 967 716 491 30 861 857 475 18 852 1000 826 587 346 642 644 683 461 582 945 872 986 369 856 640 377 929 548 91 729 7 278 945 287 883 839 760 451 216 864 956 846 157 587 564 63 612 279 119 49 257 402 504 741 241 228 51 303 220 395 627 724 121 41 866 389 2 765 245 211 643 625 98 325 900 780 610 43 218 642 71 463 491 405 492
 461 693 711 26 21 864 722 695 568 287 848 701 931 514 726 560 282 74 98 121 384 902 881 770 531 531 823 316 744 650 517 243 879 73 437 429 774 386 643 652 126 787 344 970 982 199 556 927 214 807 244 569 702 648 633 854 319 598 470 201 864 40 855 208 359 175 297 142 290 320 65 255 237 248 910 514 19 119 531 531 122 14 134 783 464 608 803 697 354 274 259 433 3 386 448 253 245 842 454 24
 657 731 818 296 950 947 485 282 98 495 197 362 462 978 818 236 847 126 289 672 211 80 17 830 346 867 947 4 167 404 668 939 762 153 27 567 160 304 230 543 198 805 317 647 713 498 481 721 490 154 301 139 302 321 66 666 872 969 526 870 771 251 144 485 8 953 775 825 45 661 164 304 562 867 709 917 634 192 784 399 794 846 39 82 204 565 123 926 333 130 983 724 124 309 794 252 616 690 193 660
 897 575 200 61 112 76 963 458 328 924 380 239 969 19 29 925 775 262 706 448 245 620 587 618 441 701 661 481 329 21 781 57 592 925 691 110 547 763 13 784 353 812 703 603 482 445 241 949 25 754 398 974 117 120 532 525 83 60 710 742 578 272 606 451 504 443 670 826 665 656 4 29 276 904 129 874 925 361 420 821 145 980 972 156 361 57 166 481 781 574 671 841 313 838 577 246 19 749 993 513
 668 625 329 999 430 253 341 774 396 127 949 150 501 605 962 995 834 589 428 313 612 591 750 288 548 293 442 868 499 276 869 471 66 366 367 870 862 489 686 507 934 824 101 152 643 823 883 525 292 177 40 219 653 841 716 160 51 624 384 720 172 746 845 364 138 236 874 257 536 953 589 838 801 557 312 942 369 418 790 43 137 270 29 149 452 593 731 701 488 936 437 469 441 921 204 992 342 873 208 489
 760 207 977 176 294 444 476 588 644 211 401 236 227 594 844 873 93 552 686 997 821 605 39 775 70 32 444 517 343 335 192 631 458 182 668 554 525 296 83 505 597 295 977 24 316 725 668 574 152 382 868 810 891 213 383 398 640 770 205 658 577 897 633 115 899 529 955 693 622 603 957 685 799 45 206 581 751 787 186 724 144 81 363 231 52 193 99 108 268 520 391 35 294 997 841 933 782 933 883 571
 721 657 365 982 712 668 590 590 488 921 86 592 5 682 373 905 875 833 913 954 555 426 961 647 76 231 885 502 903 946 604 559 519 720 795 567 820 745 626 136 126 29 286 986 903 975 653 431 319 540 172 983 503 64 53 752 850 941 886 879 470 126 989 639 31 713 114 912 875 751 180 49 68 101 206 967 2 719 545 49 155 216 582 84 256 597 566 974 886 947 950 742 686 654 909 610 800 797 695 676
 568 137 371 340 24 633 487 869 420 906 956 513 495 690 147 418 770 855 557 16 229 890 864 421 274 240 620 529 552 823 653 357 802 162 169 274 108 262 916 34 881 938 615 37 519 380 752 823 668 667 277 473 220 515 744 260 768 734 139 5 297 908 732 615 267 951 797 776 866 211 714 836 699 922 170 43 208 417 212 408 918 297 161 964 257 745 928 456 879 274 826 141 61 369 215 686 510 986 938 740
 635 406 331 721 267 749 329 892 855 246 775 837 604 196 144 645 116 153 124 154 974 399 97 282 198 260 682 764 584 219 420 125 153 292 673 510 520 58 482 363 245 479 270 409 815 832 666 885 170 137 376 302 104 949 909 14 781 791 564 505 932 224 891 984 998 862 274 595 722 790 354 78 842 97 120 756 922 853 135 629 220 330 365 550 600 718 565 514 846 821 715 483 218 302 931 7 904 749 226 843
 902 652 678 515 537 778 264 644 585 300 52 598 951 841 825 216 700 97 428 313 144 463 141 6 101 698 857 283 470 858 282 959 927 851 588 577 537 559 846 38 205 302 380 75 139 44 326 403 794 746 98 340 281 218 898 978 136 614 271 145 319 771 94 18 278 206 753 897 890 419 610 252 492 459 611 779 222 464 731 166 212 614 349 114 665 22 714 565 9 284 956 752 613 764 144 170 720 218 738 993
 525 476 306 84 904 886 561 987 607 465 107 593 647 107 607 483 939 699 95 306 72 844 428 266 146 293 754 226 698 252 103 30 219 750 965 764 804 221 378 730 426 816 820 88 909 611 252 97 297 525 297 660 430 373 92 360 830 146 907 942 871 994 758 945 571 398 200 885 236 549 141 489 220 145 260 301 433 368 861 419 684 686 718 838 143 328 388 333 925 20 213 255 380 632 471 488 545 717 118 318
 380 272 123 322 990 864 347 166 51 370 151 776 264 660 555 881 782 547 229 471 30 161 69 784 647 68 980 580 925 887 332 744 781 17 955 137 91 183 900 440 825 653 370 316 266 952 241 519 590 185 636 518 267 974 121 894 966 784 885 364 722 218 709 623 365 784 187 185 560 759 642 66 664 645 238 683 697 111 931 437 701 914 649 476 222 954 116 313 327 192 958 515 500 326 129 702 976 237 99 569
 43 400 330 132 977 664 507 512 123 283 5 523 799 10 979 535 532 805 287 189 849 86 529 332 122 479 213 984 579 432 829 319 302 771 286 958 451 878 134 233 858 277 259 474 960 778 620 93 637 216 685 699 754 327 864 794 17 686 975 43 821 440 970 574 379 182 874 515 835 13 654 801 802 444 599 357 390 514 733 642 534 148 840 240 242 863 862 338 413 304 651 586 210 802 114 331 83 210 859 86
 341 768 791 85 729 845 918 281 382 901 335 507 710 883 832 995 337 883 259 435 93 164 841 805 274 800 262 350 853 59 336 680 641 448 89 609 187 264 181 170 437 589 503 279 981 64 327 726 696 75 542 127 672 795 420 431 85 374 83 634 347 668 420 409 229 989 145 476 693 113 362 350 31 823 632 879 445 238 185 957 107 321 662 732 168 297 506 114 119 209 468 66 175 791 596 570 608 132 548 850
 502 149 336 116 253 582 64 275 610 783 319 851 300 349 539 787 228 675 158 500 297 810 986 740 952 883 183 701 294 239 456 307 519 597 515 192 17 851 746 748 661 536 315 796 211 293 98 275 280 398 800 160 610 403 420 279 177 923 236 15 244 811 153 589 286 807 71 405 640 412 57 689 389 892 644 910 221 747 899 16 736 139 315 90 182 301 594 315 227 831 695 206 71 426 686 112 171 268 129 214
 834 410 449 468 285 781 642 426 205 875 573 978 392 321 741 360 4 253 899 759 828 895 246 968 855 216 30 770 855 113 649 255 525 926 890 892 326 966 20 762 638 109 932 291 626 440 503 383 813 475 374 412 320 927 406 590 339 255 291 661 664 784 263 18 603 982 507 649 377 813 714 415 800 738 74 419 51 884 589 285 203 421 883 245 149 62 565 217 758 499 290 366 225 807 658 308 509 251 825 31
 301 709 139 122 218 295 785 799 636 520 698 233 701 691 92 158 626 914 497 714 409 213 310 117 745 314 495 302 224 845 1000 682 141 276 412 668 470 911 740 705 100 253 344 218 592 201 361 523 264 611 485 103 870 254 364 827 686 20 658 182 176 181 334 39 358 336 928 187 782 368 865 724 871 255 59 526 341 823 891 795 727 376 762 99 817 417 403 659 754 527 335 757 143 420 859 18 289 615 660 695
 418 128 587 948 283 950 709 331 224 613 87 205 889 211 96 206 714 606 37 688 240 49 928 335 534 582 328 441 983 454 693 66 355 748 629 440 259 119 354 91 627 125 546 373 565 500 463 736 403 163 384 324 51 833 815 13 226 949 854 623 315 306 130 997 810 644 514 216 638 2 232 888 601 479 364 207 929 415 490 238 148 706 209 348 175 390 182 405 819 324 942 983 268 202 127 727 257 990 289 663
 770 844 294 954 839 470 612 535 127 988 240 719 174 296 174 315 847 60 816 4 444 942 316 992 910 307 688 368 828 840 996 793 325 901 962 826 716 605 324 267 91 692 920 296 771 124 711 219 482 204 53 188 513 30 42 880 619 822 798 964 603 539 954 444 558 968 384 843 224 528 989 455 935 868 705 622 22 978 129 732 700 277 182 987 424 994 480 267 483 462 290 308 138 273 248 504 172 340 632 564
 574 696 902 876 424 253 538 384 866 646 382 949 301 255 552 119 239 856 979 195 540 878 957 664 914 19 565 170 743 830 422 935 642 971 195 519 904 285 783 848 755 823 93 85 541 736 781 381 871 661 394 153 539 378 410 895 177 710 646 996 458 881 115 756 834 587 337 461 624 260 93 547 677 504 949 847 631 72 807 551 538 444 290 184 306 946 85 987 232 330 235 575 856 753 145 612 68 846 547 877
 709 403 848 77 930 347 836 123 631 41 127 144 822 595 886 964 335 844 119 557 579 841 781 544 564 559 237 928 444 805 650 546 676 690 999 880 213 706 145 582 760 134 1000 559 703 735 520 613 298 940 782 389 664 929 246 514 300 570 368 829 163 180 337 88 655 461 164 962 295 392 848 363 912 555 334 405 617 64 632 939 821 955 22 785 721 164 24 422 437 314 808 373 925 132 503 998 697 682 361 130
 399 189 220 169 661 221 30 399 837 166 679 799 440 227 95 721 259 95 630 439 518 598 235 425 900 762 54 487 908 129 47 358 802 209 618 968 430 196 263 900 746 145 14 329 874 533 563 789 569 528 333 650 556 167 27 152 680 375 354 613 928 939 259 712 234 983 734 749 187 548 581 575 731 496 268 522 469 683 168 670 362 469 951 465 414 271 198 745 545 944 898 682 994 37 650 874 596 668 279 589
 396 234 484 92 643 741 788 978 645 941 74 629 212 719 793 942 937 915 673 984 751 66 840 328 865 156 692 789 182 652 639 662 648 843 699 825 248 173 879 939 376 854 602 208 417 174 178 781 416 743 723 294 50 1000 776 470 53 209 777 435 457 83 706 403 785 158 507 616 491 596 247 156 824 211 525 919 8 447 841 584 395 916 582 86 535 38 631 363 906 521 408 768 960 196 291 735 959 381 148 118
 437 929 44 982 936 448 57 592 140 579 984 978 822 941 555 132 890 494 83 284 199 298 252 364 347 389 920 587 244 547 532 21 507 357 91 432 711 403 515 521 755 896 191 588 845 91 610 942 847 213 562 566 365 417 923 59 120 240 972 832 9 941 398 918 305 835 223 567 643 712 389 212 284 947 591 806 52 796 992 575 746 664 270 394 8 196 16 161 299 16 508 150 378 691 901 75 915 632 546 446
 700 973 566 501 612 736 705 1 971 224 201 18 981 684 95 39 657 937 971 864 431 226 430 93 504 956 113 477 637 754 375 381 492 603 981 693 989 279 560 268 98 583 356 24 407 640 383 697 837 136 899 173 764 841 447 786 237 602 992 517 214 537 558 647 729 374 442 121 651 895 538 323 805 18 206 599 761 849 269 817 99 248 22 780 480 656 660 967 488 795 64 249 40 670 840 29 674 838 791 456
 240 870 554 785 466 833 718 590 761 959 181 153 807 961 931 309 844 75 482 2 993 60 769 439 77 534 612 505 731 786 807 294 357 597 174 137 87 546 413 530 985 620 919 324 568 318 633 262 460 802 760 224 137 497 576 174 817 35 326 370 699 330 546 11 116 628 195 760 853 597 746 475 274 27 536 715 407 619 94 22 250 877 338 451 26 451 280 954 873 338 366 44 914 548 350 74 810 919 770 88


