 22749520
 24065626
 23399614
 23853286
 22901373
 22695298
 21902024
 21984951
 21895937
 21728337
 24256518
 23056078
 24394317
 24118511
 24170008
 22850591
 20873009
 19451195
 25576618
 25523803
 25151106
 22037719
 22544403
 23161399
 23729452
 24255768
 22317365
 22682162
 23813383
 24904040
 25260734
 21948271
 21864781
 23947044
 25578160
 21009105
 22510250
 22222687
 22779433
 22565687
 22011063
 22824886
 23046243
 20642825
 22276417
 23355669
 25410871
 23201655
 22449998
 23514718
 23958186
 21796501
 23870588
 23373865
 22124018
 22355383
 24749047
 22718625
 23599656
 22812347
 25147608
 21878012
 22450651
 24236257
 25033432
 22667613
 24953617
 23681112
 25020439
 24581691
 24862809
 22769084
 23422751
 22755196
 22685058
 20227458
 20935960
 23822493
 24412670
 21690351
 27080536
 24353306
 21459380
 21913258
 22800980
 22875451
 23411690
 21204008
 21451930
 24599686
 22230292
 22215024
 25908358
 26847092
 23897033
 22194559
 25453923
 24516452
 24109941
 22714839
